
Resp charges for organic molecule                                               

iqopt   irstrnt  ihfree     qwt
  2      1      1        0.001000

 rel.rms   dipole mom       Qxx      Qyy      Qzz
    0.09032   2.41794  21.79096  58.52008 -80.31104

          Point charges before & after optimization
    NO   At.No.    q0           q(opt)   IVARY  d(rstr)/dq 
     1     6   0.280923       0.280923  -99    0.003354
     2     7  -0.309993      -0.309993  -99    0.003070
     3     6  -0.004929      -0.004929  -99    0.009988
     4     6   0.001683      -0.033521    0    0.009482
     5     6  -0.115870      -0.115870  -99    0.006534
     6     6  -0.203945      -0.203945  -99    0.004403
     7     7  -0.190922      -0.190922  -99    0.004640
     8     6   0.104915       0.104915  -99    0.006899
     9     6  -0.262427      -0.262427  -99    0.003561
    10     6  -0.124945      -0.124945  -99    0.006249
    11     6   0.143641       0.143641  -99    0.005714
    12     6  -0.159073      -0.159073  -99    0.005322
    13     6   0.043003       0.043003  -99    0.009187
    14     8  -0.447062      -0.447062  -99    0.002183
    15     9  -0.163338      -0.163338  -99    0.005221
    16     6   0.459300       0.459300  -99    0.002127
    17     8  -0.476366      -0.476366  -99    0.002054
    18     6  -0.350663      -0.274497    0    0.003423
    19     7  -0.187395      -0.187395  -99    0.004708
    20     6  -0.297972      -0.338630    0    0.002832
    21     1   0.262434       0.262434  -99    0.000000
    22     1   0.074470       0.074470  -99    0.000000
    23     1   0.027620       0.062384    0    0.000000
    24     1   0.069708       0.062384   23    0.000000
    25     1   0.170903       0.170903  -99    0.000000
    26     1   0.289733       0.289733  -99    0.000000
    27     1   0.154822       0.154822  -99    0.000000
    28     1   0.130906       0.130906  -99    0.000000
    29     1   0.126985       0.126985  -99    0.000000
    30     1   0.114829       0.082613    0    0.000000
    31     1   0.081696       0.082613   30    0.000000
    32     1   0.114989       0.082613   30    0.000000
    33     1   0.262073       0.262073  -99    0.000000
    34     1   0.133761       0.138733    0    0.000000
    35     1   0.115692       0.138733   34    0.000000
    36     1   0.130814       0.138733   34    0.000000

        Statistics of the fitting:
  The initial sum of squares (ssvpot)                      0.562
  The residual sum of squares (chipot)                     0.005
  The std err of estimate (sqrt(chipot/N))               0.00174
  ESP relative RMS (SQRT(chipot/ssvpot))                 0.09032

 Dipole Moment (Debye)=   2.41794
